8632740855 
221790 
9195032231 
4516936991 
471292049189
92039367 
223004850169 
7002244684 
8634296670 
837972322 
163550 
153354456755 
8002526917 
891150518 
2526071029 
145961697 
359937 
354007027050 
477554200302964 
64923111 
1011055876 
134863559 
116511000019533 
1144304944 
451025697 
933922924 
17505005960009 
124586811 
7203345 
1234331 
576360428 
2552663 
4621895878 
90269614 
700014480 
3356205 
1813390696 
537117848 
172634694 
8843175949 
1105012554 
200122044 
405188160 
1000048501513 
32009679 
411240922 
4776041276 
13414030 
893097 
412374159 
3877131351 
2476806795 
409732302 
823163498 
1010067713374 
38238511 
777350287 
76443 
5107151577 
1010273598008 
88990323 
733101515605 
237018925885 
889819215 
9900001317 
934201682 
6105458 
4619742849 
2978 
8039052215 
11000004058209 
1010181072153 
1457693552 
530706010472439 
779349695 
1000066980862 
838745156 
1562315 
9590060562841 
408402790 
12569858 
2338267148 
2241020748 
50053452806 
893123554 
600234143 
304074221 
384732691 
892144452 
1232140 
104778450049 
70000310720037 
50096093229 
1010256696192 
432873586 
795378785 
373516778 
501007185113 
153467135890 
1566316251 
141818091 
9200060953 
87356 
1000109857911 
383004996921 
148869712 
131555772 
153464821518 
586023485773 
435025114546 
886637412 
22471302 
2077249918 
7726 
3312028274 
8204020393 
70001276567941 
9010238670018 
3576556268 
953303 
780002271 
1836375608 
562428 
12890000014342 
1077783 
8922323996 
444005866562 
406272025 
2515481055 
70002388405907 
655412258 
2520707681 
204540853 
1058924 
924735395 
1001345790 
8000971382 
216401001034380 
922414065 
906606033 
1010286537519 
939404117 
1767317934 
3615500 
4106024489 
205079009 
50062087163 
934982638 
141298497 
435020419194 
1010255181310 
1010254336399 
1200002007560 
12101071 
2017865 
2867428153 
149550 
2214881 
50079140401 
1957333 
6581338743 
4900563811 
53324800024861 
530088104335 
41642019 
43366285 
894049162 
4248866761 
104690 
4880322413 
1286552 
3800911 
44166071 
1000107400441 
887291698 
6071315094 
103725820 
2766990 
7210038565 
2310502049 
6261060411 
806990051 
2197477 
703980 
1482861877 
300012408 
3009000774838 
241687 
941520496 
1000113277312 
539926892 
3659937 
10220564 
910020068397 
70002948455934 
844001104490 
70004875221439 
804611 
488029080801 
2232181140 
46570964 
180928945 
50041019000 
897467478 
73565913 
7346070191 
1183344165 
912269628 
1100548521 
2515481055 
1517264493 
20704 
919699348 
2519382302 
70004789652988 
153466466627 
1045069021 
843454133 
8553914451 
20842 
100042607581 
64530901 
45025820 
2011467875 
1035881404 
7110272716 
140182835 
995850 
61465571 
49530445 
339563 
1353334731 
8812985102 
886182799 
5584753106 
153464190658 
9880001179 
887475895 
7427515783 
663382916 
895934370 
1000345466049 
412583411 
223000792726 
593172585 
1000067509421 
423533 
884870007 
9970217320 
153354130624 
1180000065856 
866375948 
754830073 
1119551081 
54623342 
1715336275 
147414316 
488032111848 
8202734752 
50042937479 
560398453 
925120818 
1102403845 
467500 
99989468 
6823741357 
152311687379 
223012265160 
817065139 
1826377382 
9398318098 
226000421269 
198139 
831372628 
47607250100719200 
1883549635 
8145006725 
4883180 
2002375118 
70008763773089 
488026554576 
5001146399 
1830000080470 
957810365545 
929244978 
1512210 
54468421 
44659295 
7415717965 
928924737 
5248912536 
312282 
1607348834 
910206938 
1010174955067 
9765093977 
8006299187 
11124402 
5815906291 
67349017 
7663958 
980371124 
54468421 
803017326 
6606281712 
898037237524 
40052704133 
415014001143 
1010230788796 
177273 
222629 
99749898 
13271282 
488024504544 
1010300340064 
5968986660 
1237982 
12253907 
5398315822 
70001834241720 
2928631491 
1584749913 
114444307 
100006775760 
47277631700 
6231409760 
1854182135 
488030999570 
1586790 
1102033340 
184990452 
767020 
3930031640 
887679579 
895834778 
1513300796 
1000093451341 
918028010 
5371700002105670 
41433492 
50046804352 
3024050411 
81599870 
4063011763 
2901481 
711226652 
620055784 
1000109592450 
5334938122 
586016000000 
2068852009 
6453986264 
934484817 
5152600051 
918710500 
73969126200174000 
303877199 
4595100709 
1010253748739 
915377709 
1010303459075 
1118368016 
11147362 
887047073 
70001502274275 
844001106219601 
10700757744055 
7010523243 
32668287 
7413971 
94217999959 
4625375514 
100000016635 
3446507 
756424676911 
485000417276 
863250973 
1010000032239 
3873680885 
934846296 
1010292381937 
55151474 
430731020229 
1010281505902 
153467171184 
382013377 
616511000229 
40049808211 
823589122 
10359065 
2230101388492 
153563495545 
5489868051 
2325613 
923216378 
8224002793 
9875441926 
50069168461 
2420082412 
4736919980025700 
9311203187 
50107857075 
183060 
1010067231063 
8103330513 
765301031 
165587 
70007711863663 
501903520 
909570251 
153563186680 
4420670534 
153354355486 
639123114 
896472636 
488032295366 
16188776 
13590087279423 
2171767 
50110444614 
169187 
2526630435 
8092806584 
4631957683 
7025983967 
22066762 
1051023511 
5334823258 
70004961136251 
362373816 
7008967767 
894625839 
461235009387419 
1063001362 
50058572277 
844001012157435 
119261988 
411850787 
3021377089 
10158864 
1009748909 
7002050732072 
589692 
75784624 
43309822 
83103020471 
20323560 
2526734311 
446004594477 
138602695 
14348360 
800854424 
75367000 
1010067143591 
254268 
2821660 
2004081770 
162974 
2520707681 
1000130297715 
2273756649 
314074269 
844001104488799 
70007262578516 
50092818454 
7319960188 
70004943157321 
223010626659 
928119734 
3752120927 
7342705 
1000132957258 
114299099 
112377084 
8440011062769990 
14457400 
2079734333 
1241541224 
3170312785 
6491500336 
4069191 
220259 
125000024 
894308170 
5056020424129030 
55301941100009800 
2070009143 
9372208539 
1010257244789 
898040718328 
478547 
7014567031 
3565002987 
7002708281120 
153495888510 
284467 
310210994 
60072602 
23702120196 
13590094668212 
153465490750 
1010289511370 
50066047950 
5760287110 
10926828 
1010282898922 
6700144516 
5790110208 
1010276530989 
204211025610 
6876952878 
48546917 
6733821257 
3196014 
917047037 
5231515908 
90104287032 
105586 
902287192 
3662209 
43040713 
891763245 
754005 
35850116 
90104273385 
355002490020 
780777470 
76146007 
7426014054 
61022758751 
439002654261 
11241300015 
74245284 
1703324309 
1716331473 
284300 
1010225086885 
38258542 
146974849 
1410000950057 
222066602 
4255098068 
1000131651811 
103679644619 
4256070817 
871011 
1808005 
835776857 
11539047 
237021284762 
3000000919440 
881022164 
1010287599226 
3954936264 
7476434431 
813184074 
6209114353 
16445831041 
50096281238 
12569859 
392545 
7102405144 
3981120748 
183862407 
1010228755867 
6213559543 
50039606731 
153563097333 
1010201822652 
770252708 
1763406970 
152312650848 
3021772724 
88157355 
1010286845133 
258415595 
1010264753991 
32945731 
1010298775521 
1010126143335 
50057596871 
101028682889 
40053829061 
62484273 
17828197 
935470 
43501115095952 
1010276890567 
8204029360 
8810002970414 
8375359414 
1703461203 
4125 
1000021677116 
2513412849 
1852635486 
151205791180 
7014868231 
483022652891 
739691302000413 
22744071 
223010825515 
237002180966 
3623609785 
70002119466056 
476072501007192 
301836577 
103216901 
7708501045007 
72433511 
7502360556 
919489868 
4604328 
844001103840132 
1340000821798 
44845609 
99451371 
6018518801 
9590059974197 
138851032 
237017528733 
902809573 
237017083142 
9957607311 
371296 
435023722888 
440580325494 
840279988 
844069898 
1010067487477 
863858428 
88821098 
1004501600030 
1261905 
8876342000 
476760852 
435025112991 
32761732 
2304589 
1725471644 
909355067 
1105808 
869912808 
4633403999 
7801852612 
2340612 
70008338514222 
622670 
7541405077 
11213861 
586004937923 
60204994055 
878992916 
175772 
7050420439 
70008254687526 
483025156925 
70006254112747 
1000088331292 
1340000801908 
3775359711 
8931958 
4803008760 
237017000073 
5308754514 
3342382342 
883525644 
412395139 
4627602450 
4640490501 
7181480 
50112986711 
151206642457 
1010229363753 
12102141489 
1568304321 
70007162138831 
5441541 
8171019923 
1208929 
760944595 
383008716262 
7346541415 
1010255199933 
31729991 
44742760 
6877133511 
1182617 
955003845 
893836999 
70003142697079 
1271303073 
360502462 
1010267519187 
9590038257550 
3803236599 
1000067110394 
7978513 
61651100029055600 
305001172506 
70600 
841046089 
833412133 
686126037 
10756174 
223009413239 
13446060 
10001330284085 
7012981516 
17032074 
1863319024 
70007162138831 
852618 
3014365591 
1826379 
6200055239 
1010067135509 
1010275512927 
272168 
128505204 
64787818 
5530599071 
836789263 
586007102881 
8314063261 
488029852770 
136351 
125872117 
2487304 
1180000032150 
9501332633 
3031861 
857800 
5535445786 
476072511411563 
1117351757 
8626412636 
1010067101452 
325592003967 
483032614311 
412782138 
9846523539 
3721727 
137978675 
138837757 
84221712 
8040864264 
1010224888851 
350079 
8010026030 
112691633 
70962237 
1000103925466 
229029812487 
854774833 
464805498 
10015709 
2024615938 
856602511 
2273000233107 
1100000962099 
907564637 
5220253114 
703748852 
905741799 
60403934 
1140350081 
880878954 
889809992 
1671826998 
7802328315 
62321951 
488031813985 
120383401 
2933838209 
100096836003 
1830399802 
8058001523 
1001647819 
1070002532216 
1010238456871 
291003063523 
7970397449 
100009621499 
6226077402 
3000193286479 
1085810022 
2079266585 
54116384 
5185819983 
44468021 
1010255113317 
8420059787 
63040 
20200186367 
8247048982 
57156981 
910475870 
100011994315 
50075433156 
383003218781 
8632740855 
6836382181 
221790 
9195032231 
871886065 
1010082868233 
1010032637540 
42863748 
7779314006 
297804 
2910262448 
1365489 
354007027050 
583811926 
1329520249 
64923111 
199380361766 
1144304944 
933922924 
7203345 
100100902427 
934865361 
1010300898215 
2552663 
432873586 
90269614 
1892482 
7441295321 
1010153602030 
700014480 
3356205 
62651940 
537117848 
200122044 
32009679 
893097 
412374159 
1010252165193 
409732302 
136382502 
1010067713374 
580622044199 
916214570 
4246705979 
334026878215 
844001011508598 
165164 
777350287 
3114927721 
76443 
74126591317 
5107151577 
1010273598008 
1010255364357 
2832510747 
8876891095 
8440011044365490 
5078083739 
5732059441 
88990323 
733101515605 
4982989 
1200000933000 
512980906 
4245862986 
1010228490229 
16446 
134890 
332573017 
487000760361 
22351 
6232122678 
10000353860083 
7862903106 
1010254489893 
4619742849 
6274538080 
1457693552 
826169310 
913456331 
383005419999 
530706010472439 
1463036632 
922645817 
779349695 
237004378297 
70012000019474 
880331111 
435025012363 
838745156 
77524111 
6218833759 
40363206 
1562315 
408402790 
4276904884 
8174000771 
50053452806 
6014720961 
70002318501331 
3080689 
1200038646 
384732691 
4326391612 
892144452 
530706010217486 
381023571332 
1250303 
57984700 
104778450049 
101029858712 
70000310720037 
51704261 
1850101 
469430722 
445001027029 
50096093229 
2810263876 
111003251134 
9855404993 
699371365 
4207196200039560 
32696360 
404807570 
784575003 
1600025056 
518147008456619 
432873586 
795378785 
75604555 
4880040448 
373516778 
501007185113 
1566316251 
141818091 
45107554 
9200060953 
446017906515 
383004996921 
1854429 
886079748 
148869712 
4336611059 
153464821518 
50112466748 
586023485773 
2077249918 
920876182 
7726 
70001276567941 
50014182750 
3576556268 
50158799 
1836375608 
56207603 
562428 
676020499 
909629719 
904933405 
70002388405907 
413583576 
2520707681 
234674 
63441093 
869180901 
2525047620 
1058924 
924735395 
924773030 
1001345790 
80092229 
92792 
114000999382 
7268465551 
70006255263848 
9300724 
401100141 
924041882 
1879323275 
905698130 
530010146250 
5193627549 
831996491 
90104291822 
1022620512 
291008535645 
27448821836 
934822644 
12930855 
205079009 
30701 
934982638 
18000008283988 
141298497 
435020419194 
2116006889 
488032092404 
1400028658 
872956545 
920754074 
488001291977 
1010255181310 
1010254336399 
1200002007560 
12101071 
2017865 
57692 
1001112067 
11682849 
903524734 
153655897418 
735575193 
53324800024861 
41642019 
8144020370 
4248866761 
70005561249916 
2426434334 
4880322413 
1286552 
144495145 
5104615408 
3079766 
44166071 
9590060740629 
1000107400441 
834412355 
887291698 
6071315094 
50108187332 
9613399691 
1808351 
69804 
516401001056 
483031769348 
103134395 
52929 
925053902 
3411966 
410489112668146 
6226924067 
9116329898 
1010247107632 
4246883311 
488032123247 
8003110399 
806990051 
926096587 
394001339884 
703980 
4403205960 
1034916847 
60033086 
7361325918 
1261828879 
50071923432 
894751205 
70652449 
5000826783 
9347999683 
410489119668713 
20678291 
91085776265 
70003584339597 
9590064679104 
241687 
3451592193 
941520496 
1000113277312 
539926892 
6403720078 
70002948455934 
844001104490 
70004875221439 
804611 
2232181140 
46570964 
180928945 
50041019000 
897467478 
8144015289 
144502257 
912269628 
1100548521 
2515481055 
20704 
919699348 
153466466627 
70008622223177 
11771636 
843454133 
8553914451 
20842 
10288007 
4610546594 
64530901 
223003591665 
2011467875 
995850 
61465571 
339563 
10001841070 
5584753106 
9880001179 
444009548404 
7011172009 
663382916 
1010254997330 
412583411 
414328856 
2020608036 
223000792726 
179729 
3314310895 
41181 
7654120141 
150873142205 
49564 
1261828879 
423533 
884870007 
9970217320 
305002413374 
62488031 
153354130624 
9784527538 
1180000065856 
6648013 
300100045103 
829602978 
866375948 
949172733 
754830073 
1119551081 
1715336275 
4095920100 
483035372320 
488032111848 
8202734752 
9590042258096 
50042937479 
1010247782154 
145571718124 
560398453 
925120818 
861401230 
467500 
1768443 
229829732 
929063766 
30131957 
99989468 
488032422553 
2036738572 
6823741357 
378510 
7401009993 
136359254 
152311687379 
1410000988100 
8621198511 
817065139 
423909 
218151000501 
7015068732 
381004766425 
28358 
700040271424 
939332953 
1826377382 
1425220223 
1173171585 
23058722 
226000421269 
15869589 
9195068615 
1010067316904 
9877041562 
912032579 
114712719 
3954238339 
9379973384 
5732311051 
2957972664 
50069053481 
1883549635 
3401732610 
7638175 
8145006725 
4883180 
483035000000 
78872587 
77275901 
122173676 
76162516 
50075822762 
41557166 
30461522 
957810365545 
1121009748 
1512210 
11833004 
2129448 
44659295 
5248912536 
312282 
1010174955067 
9765093977 
8006299187 
11124402 
44415980 
6606281712 
415014001143 
177273 
222629 
99749898 
407986637 
13271282 
1010300340064 
5968986660 
36191006 
881788327 
1237982 
12253907 
5398315822 
70001834241720 
2928631491 
1584749913 
100006775760 
47277631700 
2525047620 
488030999570 
1586790 
7925849304 
9123122 
1513300796 
136768278 
844001104331 
4923327848 
939786570 
50046804352 
130115533 
81599870 
4063011763 
187612 
2901481 
711226652 
3490578 
5334938122 
586016000000 
9231020 
6453986264 
1002195675 
73969126200174000 
303877199 
4595100709 
6221383009 
1010253748739 
411920812 
2050300415 
8629517 
1010303459075 
8633531182 
19345145 
488032362930 
2128000000973 
18468061 
863647541 
8631183137 
10275526 
136027375 
17064100 
196472273784 
4644367412 
4923327848 
101609444 
11147362 
3233953 
70001502274275 
7010523243 
7167668123 
590042994 
32668287 
44792935 
94217999959 
868034570 
100000016635 
2528931165 
2902020433 
1532577176 
756424676911 
485000417276 
863250973 
7002151392 
3000099030 
3873680885 
934846296 
1010292381937 
1917439 
8042953519 
1077783 
7338599 
444002643131 
430731020229 
40049808211 
10359065 
102319 
772913141 
7222041 
140305422 
1603333822 
173722389 
5489868051 
923216378 
9269559341 
8224002793 
9875441926 
1000033436600 
2420082412 
4736919980025700 
20853006 
50107857075 
183060 
6759274993 
1010067231063 
8103330513 
501903520 
153563186680 
4420670534 
153354355486 
639123114 
60101171647 
173676736 
888288354 
9475313731 
3173161197 
1000068376846 
162804043165 
4500490190 
2526630435 
1000100600 
8092806584 
4631957683 
70006841347674 
30242801 
4522061490 
7678095 
835248790 
5790264898 
90103525476 
362373816 
153458087266 
461235009387419 
1063001362 
50058572277 
200072878 
50027620363 
119261988 
411850787 
435008569749 
12246997 
10158864 
31101114 
815100079773170 
43319284 
32026405 
85574 
483024036787 
7002050732072 
5307158419 
589692 
8628638083 
833457708 
75784624 
1899321614 
1000923681932 
8822469310 
113737815 
1010294868212 
49577 
70007794623047 
802644062 
5106077659 
20323560 
2526734311 
446004594477 
50040820065 
8785198 
75367000 
254268 
457018110205 
1010172941235 
70005579068317 
71814700845860 
162974 
8133700 
2783711092 
7009074415 
5112785175 
1000130297715 
2273756649 
844001104488799 
70004943157321 
223010626659 
101024899638 
3752120927 
3170312785 
1000132957258 
296807562 
1010293672030 
112377084 
8440011062769990 
667824 
14457400 
2108890505 
40876498 
2171401033 
2770225207 
310409 
6275277728 
354004569785 
220259 
5383873287 
8853323405 
483031763849 
5056020424129030 
9372208539 
7002207 
478547 
11268074 
7014567031 
153495888510 
284467 
10626 
7439987 
1010101734219 
13590094668212 
1000066382812 
153465490750 
151204704804 
50066047950 
1010300140523 
42014720 
5760287110 
4741146 
10926828 
99512297 
1010282898922 
204211025610 
3196014 
237020637996 
917047037 
5231515908 
197068 
902287192 
3662209 
572143 
90104273385 
70005248511954 
355002490020 
920001 
76146007 
618526 
61022758751 
74245284 
50108746186 
1010279474278 
70009950855240 
399000005486 
7017585972 
5100680892 
240704568 
6214505951 
1010225086885 
6700025395 
1737318715 
96953780 
252304310755 
4255098068 
1000131651811 
4256070817 
1808005 
3000000919440 
4127804198 
80032354 
229025284006 
7476434431 
813184074 
2454468757 
3980344547 
50054820613 
8812832734 
3020800391 
400075760 
782392062 
50096281238 
392545 
435025108523 
4940822904 
29388288 
30002661 
6213559543 
6216123398 
4629698763 
50039606731 
153563097333 
1010201822652 
770252708 
1763406970 
2000001574632 
6325391453 
6096399 
152312650848 
490150 
88157355 
5241808924 
1010286845133 
1010264753991 
32945731 
1093477 
508000032907 
1010126143335 
223003136525 
50057596871 
101028682889 
115390468318 
103378 
62484273 
17828197 
3008007 
935470 
43501115095952 
934667890 
446021164246 
8204029360 
8810002970414 
8375359414 
1703461203 
4125 
1000021677116 
2513412849 
20671422 
1852635486 
483022652891 
579863309 
121234567 
739691302000413 
446020027698 
22744071 
9610991938 
223010825515 
90403641 
3623609785 
70002048987102 
440010051221761 
103216901 
1010235603245 
72433511 
7502360556 
1774028823 
919489868 
844001103840132 
1340000821798 
99451371 
6018518801 
18247458 
138851032 
902809573 
371296 
435023722888 
440580325494 
229031253539 
1010067487477 
863858428 
152300493029 
1004501600030 
1261905 
483020057427 
8876342000 
100008071522 
898044519853 
1228318331 
4253495323 
44318575 
32761732 
9843855033 
2304589 
1725471644 
1514963306 
909355067 
869912808 
2027969 
2340612 
285059409 
2000245031 
700580869811 
11213861 
586004937923 
153467321631 
60204994055 
878992916 
822672564 
5898209 
7050420439 
70008254687526 
151145998065 
3312005568 
2718349 
128592666 
45160264 
916414766 
1000088331292 
121222475 
922368172 
761599018 
590539196 
769265737 
1010297324737 
4751833564 
975029514 
410619712 
4803008760 
5308754514 
844011036902335 
3342382342 
883525644 
736143335304 
1010208999614 
412395139 
710640936 
158110253 
4627602450 
5898209 
457007042258 
50058237566 
151206642457 
366869966 
381015994529 
1010229363753 
12102141489 
1020423578 
1568304321 
1181712 
511165022621044 
5441541 
8171019923 
1208929 
383008716262 
7346541415 
1010255199933 
44742760 
6877133511 
912301 
955003845 
893836999 
70003142697079 
205050 
22110496894 
360502462 
321166660 
1000067110394 
894135219 
4131789 
61651100029055600 
488031383318 
7101327711 
70600 
841046089 
833412133 
4020345312 
3267767 
223009413239 
13446060 
10001330284085 
7012981516 
17032074 
70007162138831 
3374513 
1010250186886 
1010067135509 
1010275512927 
272168 
60112914043 
475270236 
2195027806 
64787818 
191570014388 
873881403 
800382228 
586007102881 
772498812 
2487304 
9501332633 
1183347127 
3031861 
5535445786 
90268165 
9710570 
1117351757 
42432502 
32314469 
6230376753 
2760118 
11012218 
45137536 
325592003967 
909768954 
1010275285636 
7110232295 
291007221743 
483032614311 
194331129 
412782138 
138837757 
917034530 
84221712 
8040864264 
5783348149 
550074 
1010224888851 
968102137262 
934135285 
15579879 
891188062 
464805498 
1010019304171 
856602511 
1010255698159 
3442476192 
