092901683
113000023
064207195
053904483
064000059
111900785
512101028
011601029
062001186
313083646
111916656
111000614
304083448
031201360
272479919
263191387
122238585
071904779
272484289
102000076
113000861
103112675
073972181
051400549
021409169
113024588
071000013
053000219
084201294
074000010
111000614
065000090
071122661
044000037
102001017
241282577
253279345
313087286
011000138
022302786
071000013
064000046
113111983
021310711
322271627
065400137
021000322
265476411
053101121
291070001
071025661
084202251
073972181
073972181
264171241
102100138
044002161
221971316
072000326
307074768
314972853
231176897
044000037
067003778
111900659
111000025
111000614
021202337
264281432
123206590
071926809
241070417
153112592
053201814
256078514
036076150
121042882
125000024
061000052
061000227
271987363
111900785
113008465
021201383
011202392
091000019
073972181
313185515
052001633
091400046
036076150
274970584
021000021
061113415
253177049
073972181
111000025
111000614
083000137
053207766
253279277
688773678
267084131
113010547
073972181
073972181
053000219
314972853
084003997
267083349
067006432
072000915
101200453
314970664
111000025
121042882
031907790
125008547
062000019
062205704
071000013
031201360
053207766
301081016
022000046
091901338
111900659
111901014
043000096
053012029
026013673
061000104
063102152
062000080
067014822
062000019
271070801
067006432
322271627
307087001
061000104
053207216
091000019
121201694
313083727
314074269
272078268
211274450
111900659
111000025
044000024
072402652
236082944
107005047
101000187
063103915
301081508
063104668
243381599
111906271
102101577
263191387
284084350
263183175
253177049
314089681
053101121
061000104
113122804
226072498
281082423
271975456
091000022
314088284
313087286
122000247
051400549
256074974
073972181
111906271
061120000
051000017
121000358
053000196
031310552
072405455
721188337
122000247
067006432
111900659
061000104
021200025
063107513
011900571
081903537
314987712
072402652
253177049
081904808
055003201
073972181
067014822
121202211
111906271
255071981
072000326
122238585
314972853
122400724
311987786
271183701
063107513
064000017
103112976
265473508
053112592
073972181
065202445
031312738
325070760
083000108
271984832
314972853
084003997
313187571
211370545
071112066
062000019
242372745
324377516
322283107
124085024
111000614
021000322
081904808
314074269
062000019
211870977
275071288
031101114
122106293
274972689
122187238
114902528
063107513
065000090
111000614
111000614
036076150
062000019
111900659
065400137
031312929
122238585
073972181
011300595
065400137
211070175
322271627
071921891
102201040
111906271
312080941
071923857
073972181
111906271
071000505
065400137
273974581
062000080
322271627
064000046
267084131
286582737
231278614
071000013
026013673
311176021
073972181
264171241
065000090
121042882
073972181
314972853
253177049
101000019
044000024
221475786
113122655
122238585
253184537
231176554
065400137
065400137
122100024
324078721
103000017
257079716
042306720
251480738
275071385
072000326
051000017
051400549
073972181
122244171
111900659
236084243
081903867
314074269
222382292
091907471
081000032
082901538
281076853
101089742
124103799
122000661
111000614
222079631
073972181
063114946
314074269
267084131
063104668
071000013
071001533
074000010
071921891
101006699
111000025
031312026
071214579
101089742
122244171
271990525
051402518
272476543
031201360
053101121
256074974
263079276
061000104
022000020
074000010
072000805
031205340
053000219
073972181
262275958
125008547
051400549
103900036
236082944
051400549
065204197
081517907
281081877
124302150
113024588
253271945
113010547
314972853
111901690
074000010
082000073
031000503
072400528
062203984
031000503
073972181
073972181
113008465
061120000
111000614
111906271
111906271
055003201
114994196
071974408
055003201
067006432
254074442
043306826
063104668
021031207
111015159
111901234
021000322
031301846
221174508
053201814
061120000
073972181
314074269
255077008
256074974
231372691
073972181
124302150
073972181
051408949
065400137
067006432
211274382
291070001
062000080
031101169
073972181
272485039
311080162
072000326
083000137
081000210
021300912
082901538
067006432
314074269
021200339
211381372
075911988
061000104
072402652
253184430
021409169
272471852
084003997
071000505
283972094
044000037
111000614
111015159
313080636
073972181
063107513
111102431
263191387
063000047
111000614
031101169
101089742
053000219
051000017
022300173
053201814
062205704
053000196
114902612
073901602
074071926
042103253
021000021
253279785
111900659
314089681
111000614
074000010
053000219
055003201
111906271
061120000
103112976
111900659
067006432
054001204
111000614
056004445
314972853
102001017
263184815
303085829
314978404
062000019
254075438
031202084
042000314
073972181
071000013
255077008
075911988
122106183
271070801
054000030
042306720
255071981
051400549
113024588
071000013
051000017
021202337
031305981
263182503
084003997
101102784
111324196
291880589
236082944
065302303
062000019
021200957
114904746
253177887
062203395
063107513
051403779
065000090
101205681
061000104
267084131
053201607
052001633
061000104
044000011
323070380
111901056
261171338
263281556
062000080
031101169
031101169
051400549
111000025
065401181
062203984
266086554
061000052
122238585
011601029
081904808
053904483
044115809
253175724
026013673
065203431
021000322
314972853
061000104
274974700
021000021
043318092
075000022
252076714
031101169
275080282
073972181
256074974
031201360
253279439
053112424
121000358
051400549
251481368
265377675
082000073
083000108
062000080
243374218
111000025
062000080
071000013
073972181
111322583
251472542
051000017
044000037
061120000
082904056
053112592
051400549
021300077
073972181
265377235
064003768
031301846
322484401
061113415
042101174
111000614
243084249
053101121
084304243
111906271
074000078
071000013
211827027
031000503
062000080
053904483
051404260
064000017
062000080
221976227
267084131
111000025
054000030
065300279
071926809
253177049
053100850
053101121
301271732
064000020
111900785
062000019
101089742
073972181
073972181
061000104
021000021
056073573
073972181
053112592
071000013
303085829
226078036
042200910
067006432
267084131
063107513
111906271
256074974
113000023
124302150
042202196
073972181
073972181
103000648
121000358
063107513
222379124
083000108
084003997
065104116
267084131
124085024
262073260
122105278
052001633
031301846
071926809
065400137
291370918
043000096
253279031
071974408
036076150
111102758
044115809
125000024
103112594
113024915
314972853
111900659
052001633
256074974
322271627
051406543
314074269
036001808
314088284
031000503
272483264
067006432
271070801
271972572
221172186
113000861
063000047
021302554
122000661
272483196
074900657
111900659
111906271
054001204
104000058
065000090
274972579
211371337
265473485
081000032
053185406
065400137
221173570
256074974
073972181
084003997
251481614
021303618
101100045
301081362
111912427
072405455
274074037
267084131
111000025
082000109
112323086
021409169
255077493
272479841
063100277
062000080
255076753
043000096
061000104
065203224
061120000
083903894
263179956
211574833
263191387
031201360
021000021
073972181
021202337
065402423
063092770
031000503
113010547
075906304
073972181
054000030
071000013
086506955
061092387
122235821
044115809
264081111
113008465
073900807
274973222
061000104
313186718
053000219
121042882
113024588
111900659
236077755
103112675
271975388
063107513
272483743
271973128
111000614
272476543
053201607
111906271
111916656
072000326
113193532
103100739
054001204
275979021
271070801
041000153
052100699
111900659
111319538
063107513
107002147
031319058
072404508
122105278
053107633
272476653
043000096
211070175
313083646
061000104
122105744
072405455
031201360
122238585
314074269
314972853
267084199
031207607
081000210
221373273
236084298
021001486
111901014
122101706
314074269
067014822
053110730
111900659
067006432
072402652
265377549
022300173
236087664
262277011
243382873
031100102
051400549
021409169
124085024
073972181
021200025
073972181
256074974
073972181
065000090
031000503
253177049
061300367
051401153
253177049
114013284
053112592
111923607
053207766
081226829
111900659
231270353
022300173
321178226
061120000
301071709
065403626
073972181
071000013
062000019
053904483
073972181
061000104
314074269
081000210
111906271
053000219
715977026
061000104
075911988
063100277
065400137
111000025
053000196
062000080
243083347
053904483
084003997
055003201
263191387
011900571
111000614
073972181
082000073
102001017
111000614
071974408
031202084
073972181
063102152
102189285
314074269
011000138
063100277
221379918
053905877
264181626
113024588
031319058
072400528
065403626
081000032
022000020
265377756
064000059
042100175
073972181
253177793
114908289
111000025
026009593
081004070
113024588
311175093
021000322
021000322
267084131
031000053
111000025
256078446
101901396
231176554
041000124
064108838
113008465
253271945
275071288
263079276
301282064
044207872
113008465
021200025
062000080
071900948
051000017
053112592
042207308
122238585
031000053
074900356
081000032
101205681
111302846
021000089
031302955
073972181
122000661
255071981
042000398
044000037
063102152
211170282
021200339
211386445
116324201
111000025
314074269
071900948
314972853
051404037
081201695
314972853
121000358
051000017
031202084
091508171
313082838
071214579
322281992
071000013
256074974
072405455
253279691
064108485
314972853
111104879
044115809
021200025
073972181
111906271
291479660
103112675
267084131
031000503
253177049
026013673
253177049
101000187
031301846
073972181
122000661
221182804
053100465
071921891
072405455
071122661
253177049
291479987
111906271
082901334
265473540
063102152
021200025
031308535
083900680
211370545
102101577
102001017
272476653
072000326
104912670
267084131
062205704
021000322
311981614
065400137
053904483
091000019
051405476
084307033
107001481
102000021
091216337
111015159
031000503
053202208
021000021
231372691
051401043
074000010
314074269
051000017
061101375
063107513
301081508
275071288
063000047
103112675
065400483
311987786
054000030
053000219
263184488
053104869
111000025
121140218
324377516
063107513
063100277
253184359
052001633
231372691
071000013
111900785
031201360
053000196
063109935
222371863
111000614
053112521
061120000
113102552
073972181
011303327
031000503
122187238
122105278
051404901
026013673
267084131
122000661
103110428
211382876
062001186
111000614
113000023
101200453
072000805
053000219
111900659
253177049
267084131
053000219
067006432
103100739
281076730
031201362
036076150
122000247
314074269
322172797
052000113
113008465
064000017
281076730
211170130
111000614
053904483
055003201
061092387
052001633
061000104
262276724
071025661
063112919
073972181
065000090
111906721
274973141
124303065
065000090
054001204
113024588
121042882
054000030
102101548
073972181
122238585
271972572
072000326
231382241
122000247
122244171
107000327
243084689
065403626
031301846
044115809
062000080
111000614
253184537
062201151
253978617
031300135
251082615
073972181
103000648
267084131
061107515
073972181
053100850
051400549
107000262
242056656
111103650
051000017
061000104
063107513
113024588
071118471
236084298
113008465
074000010
231375436
063104668
021000322
062000080
242071295
122238585
072000805
031207607
063100277
322271627
064000020
231277822
073972181
071901604
073972181
053000219
113011258
051404529
073972181
073972181
253279565
301071631
031000503
256078446
063107513
062203942
211180023
281082423
061000104
054000030
062203751
052000113
272477694
325070760
021407912
322172881
081904808
051000017
051404260
263191387
062000080
122101706
071904779
262275958
071926278
072000096
226078036
275979076
111900659
104112409
063000047
067006432
053207766
065400137
064000017
314972853
073972181
031101114
121042882
051000020
221379895
111900659
555201024
253278090
314977188
063000047
255077008
322271627
314074269
063107513
083904314
111000614
081226829
073972181
081226829
031000503
311175129
660356038
021101108
253184537
062000080
156074974
274975107
031202084
251082495
231372691
053102117
222370440
272078365
051400549
073913755
322271627
073972181
102301092
071974408
296076301
071000013
103900036
031911812
073922623
254075386
071122661
036001808
073972181
067006432
073972181
071000013
051000101
221172186
021000021
244077556
021000021
073972181
053207766
021101108
267091221
255071981
065400137
253074951
111015159
061000104
256074997
111000614
064000020
081000032
062203984
091000022
314972853
074908594
071000505
104000029
