

36853
 

36861
 

35401
 

35402
 


35403
 

35404
 

35405
 

35406
 


35407
 

35440
 

35444
 

35446
 


35449
 

35452
 

35453
 

35456
 


35457
 

35458
 

35463
 

35468
 


35473
 

35475
 

35476
 

35478
 


35480
 

35482
 

35486
 

35487
 


35490
 

35038
 

35062
 

35063
 


35130
 

35148
 

35501
 

35502
 


35503
 

35504
 

35549
 

35550
 


35554
 

35560
 

35573
 

35578
 


35579
 

35580
 

35584
 

35587
 


36513
 

36518
 

36529
 

36538
 


36539
 

36548
 

36553
 

36556
 


36558
 

36569
 

36581
 

36583
 


36584
 

36585
 

36435
 

36720
 


36722
 

36723
 

36726
 

36728
 


36741
 

36751
 

36753
 

36766
 


36768
 

36769
 

35540
 

35541
 


35551
 

35553
 

35565
 

35572
 


35575
 

35577
 

36421
 

96373
 


96337
 

96507
 

96208
 

72003
 


72026
 

72038
 

72042
 

72048
 


72055
 

72073
 

72140
 

72160
 


72166
 

71635
 

71642
 

71646
 


71658
 

71661
 

71663
 

71676
 


72537
 

72544
 

72617
 

72623
 


72626
 

72635
 

72642
 

72651
 


72653
 

72654
 

72658
 

72659
 


72711
 

72712
 

72714
 

72715
 


72716
 

72718
 

72719
 

72722
 


72732
 

72733
 

72734
 

72736
 


72739
 

72745
 

72747
 

72751
 


72756
 

72757
 

72758
 

72761
 


72768
 

72601
 

72602
 

72611
 


72615
 

72630
 

72633
 

72644
 


72662
 

72682
 

71631
 

71647
 


71651
 

71671
 

71744
 

71745
 


71766
 

72613
 

72616
 

72631
 


72632
 

72638
 

72660
 

71638
 


71640
 

71653
 

71721
 

71728
 


71743
 

71772
 

71920
 

71921
 


71923
 

71962
 

71998
 

71999
 


72422
 

72424
 

72430
 

72435
 


72441
 

72453
 

72454
 

72456
 


72461
 

72464
 

72470
 

72044
 


72067
 

72130
 

72131
 

72179
 


72523
 

72530
 

72543
 

72545
 


72546
 

72581
 

71652
 

71660
 


71665
 

71740
 

71752
 

71753 



36525
 

36528
 

36541
 

36544
 


36560
 

36568
 

36571
 

36572
 


36575
 

36582
 

36587
 

36590
 


36601
 

36602
 

36603
 

36604
 


36605
 

36606
 

36607
 

36608
 


36609
 

36610
 

36611
 

36612
 


36613
 

36615
 

36616
 

36617
 


36618
 

36619
 

36628
 

36633
 


36640
 

36641
 

36644
 

36652
 


36660
 

36663
 

36670
 

36671
 


36675
 

36685
 

36688
 

36689
 


36691
 

36693
 

36695
 

36425
 


36439
 

36444
 

36445
 

36449
 


36457
 

36458
 

36460
 

36461
 


36470
 

36471
 

36480
 

36481
 


36013
 

36036
 

36043
 

36046
 


36052
 

36057
 

36064
 

36065
 


36069
 

36101
 

36102
 

36103
 


36104
 

36105
 

36106
 

36107
 


36108
 

36109
 

36110
 

36111
 


36112
 

36113
 

36114
 

36115
 


36116
 

36117
 

36118
 

36119
 


36120
 

36121
 

36123
 

36124
 


36125
 

36130
 

36131
 

36132
 


36135
 

36140
 

36141
 

36142
 


36177
 

36191
 

35601
 

35602
 


35603
 

35609
 

35619
 

35621
 


35622
 

35640
 

35670
 

35673
 


35699
 

35754
 

35775
 

36756
 


36786
 

35442
 

35447
 

35461
 


35466
 

35471
 

35481
 

36005
 


36010
 

36035
 

36079
 

36081
 


36082
 

36263
 

36274
 

36276
 


36278
 

36280
 

36851
 

36856
 


36858
 

36859
 

36860
 

36867
 


36868
 

36869
 

36870
 

36871
 


36875
 

35004
 

35052
 

35054
 


35112
 

35120
 

35125
 

35128
 


35131
 

35135
 

35146
 

35182
 


35953
 

35987
 

35007
 

35040
 


35043
 

35051
 

35078
 

35080
 


35114
 

35115
 

35124
 

35137
 


35143
 

35144
 

35147
 

35176
 


35178
 

35185
 

35186
 

35187
 


35242
 

35459
 

35460
 

35464
 


35470
 

35477
 

36901
 

36907
 


36925
 

35014
 

35032
 

35044
 


35096
 

35149
 

35150
 

35151
 


35160
 

35161
 

36268
 

35010
 


35011
 

36023
 

36256
 

36850 


35116
 

35117
 

35118
 

35119
 


35123
 

35126
 

35127
 

35139
 


35142
 

35172
 

35173
 

35180
 


35181
 

35201
 

35202
 

35203
 


35204
 

35205
 

35206
 

35207
 


35208
 

35209
 

35210
 

35211
 


35212
 

35213
 

35214
 

35215
 


35216
 

35217
 

35218
 

35219
 


35220
 

35221
 

35222
 

35223
 


35224
 

35226
 

35228
 

35229
 


35231
 

35232
 

35233
 

35234
 


35235
 

35236
 

35237
 

35238
 


35243
 

35244
 

35246
 

35249
 


35253
 

35254
 

35255
 

35259
 


35260
 

35261
 

35266
 

35282
 


35283
 

35285
 

35287
 

35288
 


35290
 

35291
 

35292
 

35293
 


35294
 

35295
 

35296
 

35297
 


35298
 

35544
 

35552
 

35574
 


35576
 

35586
 

35592
 

35610
 


35617
 

35630
 

35631
 

35632
 


35633
 

35634
 

35645
 

35648
 


35652
 

35677
 

35618
 

35643
 


35650
 

35651
 

35672
 

36801
 


36802
 

36803
 

36804
 

36830
 


36831
 

36832
 

36849
 

36865
 


36872
 

36874
 

36877
 

36879
 


35611
 

35612
 

35613
 

35614
 


35615
 

35620
 

35647
 

35649
 


35671
 

35739
 

35742
 

36032
 


36040
 

36047
 

36752
 

36031
 


36039
 

36075
 

36083
 

36087
 


36088
 

36866
 

35741
 

35748
 


35749
 

35750
 

35756
 

35757
 


35758
 

35759
 

35760
 

35761
 


35762
 

35763
 

35767
 

35773
 


35801
 

35802
 

35803
 

35804
 


35805
 

35806
 

35807
 

35808
 


35809
 

35810
 

35811
 

35812
 


35813
 

35814
 

35815
 

35816
 


35824
 

35893
 

35894
 

35895
 


35896
 

35897
 

35898
 

35899
 


36732
 

36736
 

36738
 

36745
 


36748
 

36754
 

36763
 

36764
 


36782
 

36783
 

35543
 

35548
 


35563
 

35564
 

35570
 

35594
 


35016
 

35175
 

35747
 

35950
 


35951
 

35956
 

35957
 

35964
 


35976
 

35980
 

36505
 

36509
 


36512
 

36521
 

36522
 

36523 
