73
i	j	-log10(Probability)
1	8	4.93258
1	13	9.64963
1	16	8.93606
1	17	10.5466
1	26	12.6498
1	32	13.2983
1	33	13.3469
1	36	11.0797
1	47	14.8455
1	53	12.6054
1	63	8.69145
1	67	3.30463
1	71	1.58671
1	73	0.274822
2	7	4.6133
2	9	5.09883
2	12	9.70577
2	14	8.49879
2	15	8.95063
2	16	10.7381
2	17	9.876
2	20	10.7664
2	25	12.5633
2	26	12.6098
2	31	13.2724
2	32	13.6476
2	33	12.2227
2	35	11.1074
2	36	11.2284
2	37	11.5156
2	46	15.0893
2	52	12.9891
2	62	9.45061
2	63	9.04466
2	66	3.30038
2	68	2.3867
2	70	1.60465
2	72	0.21046
3	8	4.97174
3	13	8.58189
3	16	9.12578
3	17	8.19894
3	19	10.7463
3	25	11.1216
3	26	9.8449
3	31	13.6293
3	32	11.909
3	33	11.7404
3	35	11.0404
3	36	11.4794
3	62	9.26585
3	63	7.71369
3	67	2.51265
3	71	0.212983
4	13	8.31251
4	16	8.15779
4	17	10.8131
4	25	9.63281
4	26	11.0664
4	31	11.8949
4	32	11.7422
4	33	10.5997
4	35	11.557
4	36	14.2298
4	47	16.4653
4	53	12.3955
4	62	7.81121
4	63	7.84243
4	67	1.70959
4	71	1.73101
4	73	1.95942
5	12	8.29995
5	14	7.56035
5	15	8.4199
5	16	10.9824
5	17	10.9868
5	20	10.119
5	25	10.9111
5	26	11.2235
5	31	12.6536
5	32	10.5674
5	33	12.8444
5	35	14.4062
5	36	13.9286
5	37	13.4013
5	46	16.8128
5	52	12.7501
5	62	8.72358
5	63	7.26701
5	66	1.74441
5	68	0.119119
5	70	1.80821
5	72	1.93937
6	13	7.49693
6	16	10.5024
6	19	10.0502
6	23	9.56614
6	25	9.80699
6	31	10.5174
6	32	12.9717
6	35	13.7263
6	36	13.367
6	58	9.50014
6	62	7.08097
6	67	0.0977005
6	71	1.94226
7	18	10.1186
7	22	9.67863
7	24	9.87029
7	28	11.7602
7	29	13.0237
7	30	10.5173
7	34	13.7515
7	41	15.5307
7	57	9.54477
7	61	7.09065
8	21	9.97235
8	22	8.65267
8	27	11.7053
8	28	12.907
8	29	10.5206
8	30	13.8049
8	40	15.5259
8	41	15.7879
8	45	15.5263
8	56	9.60447
8	60	7.10528
8	65	0.00308048
9	18	9.923
9	21	8.47543
9	24	13.0743
9	28	10.5272
9	29	13.7461
9	34	12.645
9	38	14.3036
9	40	15.8566
9	44	15.5507
9	64	0.00023994
10	17	9.72421
10	20	8.34972
10	23	13.4868
10	26	10.497
10	32	12.9938
10	33	12.6253
10	36	14.862
10	37	14.263
10	39	16.1593
10	43	15.7138
10	63	0.000606093
10	68	7.3082
10	72	8.76223
11	16	9.24278
11	19	8.33659
11	23	12.2494
11	25	10.3195
11	31	12.725
11	32	12.6221
11	35	14.576
11	36	14.2682
11	58	7.65804
11	62	6.31581e-05
11	67	7.39037
11	71	8.89738
12	18	8.35309
12	22	12.2399
12	24	10.312
12	28	14.8246
12	29	15.704
12	30	12.7843
12	34	14.5842
12	41	16.9183
12	57	7.8276
12	61	0.000257482
13	21	12.1982
13	22	11.3681
13	27	14.5412
13	28	15.556
13	29	12.9419
13	30	11.4312
13	40	16.9575
13	41	17.6352
13	45	15.6231
13	56	8.12328
13	60	0.000710885
13	65	7.67295
14	21	9.78115
14	22	9.46491
14	28	12.9867
14	29	10.293
14	30	9.51885
14	40	17.3319
14	41	16.4933
14	44	15.5825
14	64	7.70033
15	21	8.70647
15	22	8.91261
15	28	9.83634
15	29	9.10545
15	30	11.8873
15	40	16.1935
15	41	15.8999
15	57	3.32908
15	61	5.75478
16	21	8.73176
16	22	10.2672
16	27	9.82258
16	28	8.95803
16	29	12.0482
16	30	13.438
16	40	15.9462
16	41	14.4752
16	45	12.5191
16	49	9.84996
16	56	3.59518
16	57	0.00148162
16	60	5.45586
16	61	9.38421
16	65	11.5792
17	21	9.86069
17	24	10.4062
17	27	8.94203
17	28	13.0635
17	29	13.3521
17	34	16.6515
17	38	15.4991
17	40	14.3564
17	44	12.5151
17	48	9.8492
17	51	11.8063
17	54	5.01317
17	56	0.000139145
17	59	5.40151
17	60	9.41126
17	64	12.5646
18	23	9.85283
18	25	9.682
18	26	8.94608
18	31	12.1514
18	33	15.8243
18	35	15.8505
18	37	15.4341
18	39	14.3383
18	42	12.4422
18	43	12.6027
18	46	9.95957
18	47	10.3107
18	50	11.9557
18	52	8.80198
18	53	5.058
18	55	0.000218624
18	58	5.43153
18	62	13.0863
18	63	12.9522
18	66	8.59765
19	24	9.33563
19	29	11.5925
19	30	10.8521
19	34	15.0895
19	38	14.4925
19	41	12.2067
19	45	9.71017
19	49	12.3
19	51	8.89839
19	54	0.000388576
19	57	5.63683
19	61	12.4921
19	65	8.27681
20	28	10.2452
20	29	9.59066
20	34	12.5098
20	38	12.6997
20	40	12.0296
20	44	9.70013
20	64	8.27699
21	32	10.0829
21	33	12.2408
21	36	14.5613
21	37	12.6749
21	39	12.06
21	43	9.70131
21	47	12.4053
21	53	0.0109976
21	63	8.28189
21	67	12.3975
21	68	12.7753
21	69	10.6474
21	70	12.6786
21	71	13.3273
21	72	13.1504
21	73	13.7724
22	31	9.71643
22	32	11.5772
22	35	13.9371
22	36	12.7133
22	39	11.5091
22	42	9.71912
22	46	12.2156
22	50	8.51841
22	52	0.0014273
22	55	8.52075
22	58	10.0052
22	62	8.3187
22	66	12.0753
22	67	12.7602
22	68	10.4615
22	69	12.6108
22	70	13.3432
22	71	13.2648
22	72	13.6577
23	30	9.27892
23	34	13.4492
23	38	11.4064
23	40	10.3184
23	41	9.83414
23	44	13.3765
23	45	12.2096
23	48	10.2699
23	49	9.00473
23	51	4.11907e-05
23	54	8.39008
23	56	6.82534
23	57	9.41528
23	59	8.63768
23	61	8.55528
23	64	13.0241
23	65	11.9068
24	31	9.67916
24	33	12.0671
24	35	12.5079
24	37	11.3639
24	39	10.0515
24	42	12.0191
24	43	12.8457
24	46	10.0812
24	47	10.2582
24	50	0.000182745
24	52	8.06093
24	53	8.42236
24	55	6.82885
24	58	8.64677
24	62	11.4792
24	63	12.2844
24	66	10.0722
25	30	8.95636
25	34	11.0905
25	38	10.2195
25	41	11.4912
25	45	9.82136
25	49	1.18647e-05
25	51	7.96622
25	54	7.10925
25	57	8.92796
25	60	8.28032
25	61	12.0033
25	65	10.0366
26	34	7.27643
26	40	10.2398
26	44	9.59798
26	48	7.29873e-06
26	54	6.12546
26	56	9.12278
26	59	8.27803
26	60	12.2675
26	64	10.0399
27	33	5.74807
27	36	5.91393
27	47	0.000404543
27	53	6
27	58	8.27837
27	63	10.0392
27	67	12.0228
27	71	10.7898
27	73	10.7035
28	32	5.45799
28	35	5.03478
28	36	5.12736
28	37	4.33121
28	43	4.01589
28	46	0.033698
28	47	3.90067
28	52	6.02148
28	53	8.60476
28	62	10.1528
28	63	13.902
28	66	12.0585
28	67	13.417
28	68	11.279
28	69	12.4718
28	70	10.7874
28	71	12.677
28	72	10.6989
28	73	13.1652
29	35	4.24868
29	36	3.92463
29	37	3.17832
29	42	3.46601
29	43	1.20353
29	46	2.42486
29	47	3.51371
29	52	8.53931
29	53	7.0225
29	62	12.7714
29	63	12.4145
29	66	13.5688
29	67	11.2583
29	68	12.4644
29	69	10.8335
29	70	12.6261
29	71	10.7344
29	72	13.0715
29	73	14.6106
30	35	4.05284
30	36	3.17722
30	39	3.65629
30	42	1.11525
30	46	1.54791
30	50	5.76616
30	52	6.96563
30	55	8.37558
30	58	12.5694
30	62	11.6581
30	66	11.2401
30	67	12.51
30	68	10.9667
30	69	12.6243
30	70	10.8693
30	71	13.0932
30	72	14.3321
31	38	3.60357
31	41	1.13908
31	45	1.25261
31	49	5.58979
31	51	6.94148
31	54	8.36851
31	57	11.746
31	60	11.3353
31	61	10.409
31	65	11.2476
32	40	1.20054
32	41	0.852342
32	44	1.35803
32	45	0.182664
32	48	5.54862
32	49	5.83862
32	56	11.7324
32	57	11.0981
32	59	11.3596
32	60	10.364
32	61	14.4586
32	64	12.332
32	65	13.4439
33	40	0.812501
33	44	0.176516
33	48	5.72772
33	51	8.0615
33	54	12.7901
33	56	11.0541
33	59	10.3644
33	60	14.6146
33	64	14.0156
34	39	1.46732
34	42	1.60322
34	43	0.204105
34	46	3.20166
34	47	5.63514
34	50	8.05215
34	52	12.0164
34	53	12.967
34	55	11.0546
34	58	10.3715
34	62	12.7231
34	63	15.509
34	66	11.9333
35	41	1.56674
35	45	2.9643
35	49	8.03952
35	51	11.9634
35	54	11.0571
35	57	10.5275
35	60	13.0872
35	61	12.9157
35	65	11.9303
36	40	1.91652
36	44	3.25651
36	45	1.50241
36	48	8.04063
36	56	10.5449
36	59	13.079
36	60	12.9287
36	64	12.4456
36	65	12.3909
37	44	1.50697
37	64	12.3886
38	43	1.55514
38	58	13.9049
38	62	13.9878
38	63	12.4661
39	57	13.9413
39	61	14.0109
39	64	12.7333
40	47	7.64546
40	53	12.5495
40	63	12.6365
40	67	11.7427
40	68	12.4242
40	69	12.6475
40	70	13.1923
40	71	13.3862
40	72	12.4309
40	73	14.0098
41	46	6.00839
41	52	12.505
41	58	14.6895
41	62	12.5636
41	66	11.635
41	67	12.4074
41	68	12.5774
41	69	13.1797
41	70	13.3037
41	71	12.3888
41	72	13.6489
42	57	14.5573
42	61	12.5671
43	64	10.8323
44	63	10.779
44	68	11.609
44	72	13.4461
45	58	11.8746
45	62	10.741
45	67	11.578
45	71	13.411
46	57	11.8554
46	61	10.7411
47	54	10.1664
47	56	11.8479
47	59	11.4921
47	60	10.795
47	64	10.8806
48	53	10.1552
48	58	11.43
48	63	10.8578
49	58	10.8278
49	62	10.8594
50	57	10.8707
50	61	10.9022
50	64	12.7113
51	58	9.66085
51	62	10.0575
51	63	12.5601
52	57	9.73477
52	61	10.0268
53	59	7.49054
53	60	10.1215
53	64	10.4717
54	58	7.47347
54	62	10.4163
54	63	10.4031
55	61	10.4721
55	64	9.52266
56	63	9.43755
56	67	8.42816
56	71	9.53323
56	73	10.6765
57	62	9.4915
57	66	8.4148
57	70	9.51625
57	72	10.6603
58	64	9.35355
58	65	8.40029
59	63	8.86504
60	67	8.40257
60	71	7.73551
60	73	9.30453
61	66	8.45642
61	70	7.73218
61	72	9.28648
64	72	4.75511
65	71	4.62233
