# Test vectors for HandshakeToFifo ports
# 0 means force 0
# 1 means force 1
# L means expect 0
# H means expect 1
# X means don’t care
########################
## Clock cycle = 10ns ##
########################
#time Rst   Clk   HS_Rx  HS_DataIn(15:0)     FIFO_IsFull 
0     1     0     0      0000000000000000    0
5     1     1     0      0000000000000000    0
10    0     0     0      0000000000000000    0
15    0     1     0      0000000000000000    0
20    0     0     0      0000000000000000    0
25    0     1     0      0000000000000000    0
30    0     0     0      0000000000000000    0
35    0     1     0      0000000000000000    0
# First Data
40    0     0     1      0000000000000001    0
45    0     1     1      0000000000000001    0
50    0     0     0      0000000000000011    0
55    0     1     0      0000000000000011    0
60    0     0     0      0000000000000000    0
65    0     1     0      0000000000000000    0
# Second Data
70    0     0     1      0000000000000011    0
75    0     1     1      0000000000000011    0
80    0     0     1      0000000000000011    0
85    0     1     1      0000000000000011    0
90    0     0     0      0000000000000101    0
95    0     1     0      0000000000000101    0
100   0     0     0      0000000000011111    0
105   0     1     0      0000000000011111    0
110   0     0     0      0000000000000000    0
115   0     1     0      0000000000000000    0
120   0     0     0      0000000000000000    0
125   0     1     0      0000000000000000    0
130   0     0     0      0000000000000000    0
135   0     1     0      0000000000000000    0
# Third Data with a FIFO full
140   0     0     1      0000000000000111    1
145   0     1     1      0000000000000111    1
150   0     0     1      0000000000000111    1
155   0     1     1      0000000000000111    1
160   0     0     0      0000000000010101    1
165   0     1     0      0000000000010101    1
170   0     0     0      1111111111111111    1
175   0     1     0      1111111111111111    1
180   0     0     0      0000000000000000    1
185   1     1     0      0000000000000000    1
190   1     0     0      0000000000000000    1
195   1     1     0      0000000000000000    1
200   0     0     0      0000000000000000    1
205   0     1     0      0000000000000000    1

210   0     0     0      0000000000000000    0
