61
i	j	-log10(Probability)
1	9	6.64591
1	61	0.456322
2	8	6.15048
2	9	7.033
2	27	13.9462
2	31	9.65624
2	33	13.8579
2	60	0.0408423
2	61	3.33738
3	8	6.67374
3	9	7.33283
3	26	13.9057
3	30	9.63926
3	32	13.5061
3	38	15.0578
3	53	9.1234
3	59	0.000665061
3	60	4.66265
3	61	5.02219
4	8	7.02582
4	15	9.33026
4	22	13.8646
4	29	9.63943
4	31	13.5438
4	35	15.7126
4	37	15.1121
4	40	14.3754
4	42	13.0859
4	44	12.6988
4	47	13.592
4	49	14.1138
4	52	9.35073
4	58	0.000759181
4	60	4.95177
5	14	9.26573
5	16	13.1861
5	21	13.7741
5	23	15.0887
5	25	14.2496
5	28	9.63995
5	34	15.6986
5	36	15.2558
5	39	14.3873
5	41	13.047
5	43	12.682
5	45	13.5066
5	46	13.577
5	48	14.1318
5	50	14.7236
5	51	10.6487
5	55	4.24538
5	57	0.00543778
6	13	9.23679
6	15	13.1794
6	20	13.8389
6	22	14.5634
6	24	14.0059
6	27	9.63977
6	30	13.5754
6	31	14.7061
6	32	15.7092
6	33	15.5157
6	35	15.494
6	38	14.5249
6	40	13.1057
6	42	12.9015
6	44	13.4416
6	47	14.2
6	49	14.9516
6	53	7.58411
6	54	4.07249
6	56	0.0450857
6	59	3.87038
6	60	5.30673
6	61	7.29698
7	12	9.10813
7	15	12.9798
7	20	11.8006
7	22	15.0712
7	24	13.088
7	26	9.63996
7	29	13.5779
7	30	14.6455
7	31	15.8982
7	32	15.1949
7	35	15.9799
7	37	14.5938
7	40	14.2739
7	42	12.0399
7	44	14.4883
7	47	12.3293
7	49	11.5703
7	52	7.68164
7	53	4.21961
7	56	1.0145
7	58	3.8814
7	59	5.25179
7	60	7.90591
8	14	12.5164
8	17	11.3872
8	18	11.913
8	19	11.7037
8	21	14.411
8	23	12.9712
8	25	9.73484
8	28	13.5897
8	34	14.6871
8	36	15.6103
8	39	13.6956
8	41	12.0202
8	43	14.2541
8	46	12.2984
8	48	11.6099
8	51	9.25966
8	55	0.75456
8	57	3.88886
9	16	11.3557
9	17	11.7127
9	18	11.4865
9	21	10.6494
9	23	12.1789
9	25	10.4361
9	28	15.1994
9	34	15.554
9	36	15.8077
9	39	10.8288
9	41	14.0718
9	43	14.568
9	45	12.3113
9	48	13.38
9	50	10.6238
9	55	1.67662
9	57	6.08395
10	15	11.5538
10	20	10.6427
10	22	12.4889
10	24	10.1547
10	27	15.1471
10	30	14.1632
10	32	13.37
10	33	15.5621
10	35	15.6669
10	38	10.6583
10	40	14.7448
10	42	15.3596
10	44	12.6588
10	47	13.3754
10	49	11.5504
10	53	0.00742874
10	54	1.88882
10	56	6.41807
10	59	8.82921
10	61	10.7634
11	29	14.2652
11	31	13.3821
11	35	14.0355
11	37	10.6542
11	40	13.5812
11	44	12.3127
11	52	0.000197353
11	58	9.06599
11	60	11.0919
12	34	14.1461
12	36	10.9395
12	39	13.5459
12	43	12.5321
12	51	8.85716e-06
13	23	9.88348
13	34	12.2133
13	36	9.93826
13	43	10.2086
13	50	1.05474e-05
14	22	9.88035
14	29	11.1283
14	33	12.2178
14	35	9.83229
14	37	13.2601
14	40	12.0408
14	42	9.6048
14	44	9.13259
14	47	6.25337
14	49	0.000370268
14	52	11.5895
14	58	15.4566
15	21	9.88181
15	23	11.2837
15	28	10.6265
15	34	9.76171
15	36	12.9589
15	39	11.7235
15	41	9.1721
15	43	8.81518
15	45	6.35617
15	46	5.72647
15	48	0.000686549
15	50	8.56012
15	51	11.5518
15	57	15.0542
16	22	10.3958
16	27	10.4812
16	31	10.5863
16	33	9.69202
16	35	12.9639
16	40	9.01559
16	42	8.60761
16	44	6.56284
16	47	0.0027639
16	49	6.95151
16	60	11.1551
16	61	12.8615
17	26	10.4077
17	30	10.3786
17	32	9.6514
17	38	8.39476
17	53	11.3842
17	59	10.9064
17	60	12.2236
17	61	12.1775
18	29	10.421
18	31	9.68009
18	37	8.66972
18	52	11.3901
18	58	11.1606
18	60	12.3752
18	61	14.0719
19	35	8.96109
19	37	8.29284
19	40	6.48317
19	44	0.00891309
19	52	14.1472
19	60	14.4194
20	34	8.95295
20	36	8.18641
20	39	6.45406
20	43	8.8484e-05
20	50	12.6092
20	51	14.0642
21	29	9.95001
21	33	9.02052
21	35	8.19785
21	37	7.08733
21	40	4.22374
21	42	0.000397961
21	44	7.11528
21	47	9.76718
21	49	12.1234
21	52	16.1262
21	58	14.4304
22	28	9.55358
22	34	8.21452
22	36	6.78127
22	39	3.84284
22	41	0.000804651
22	43	7.17566
22	45	8.64672
22	46	9.49256
22	48	11.7639
22	50	15.7422
22	51	16.2027
22	55	13.7779
22	57	14.2768
23	27	9.48736
23	33	8.55689
23	35	6.00551
23	37	2.56919
23	38	3.56595
23	40	0.00154077
23	42	8.22101
23	44	8.45823
23	47	12.1619
23	49	14.8266
23	52	15.7238
23	54	13.6199
23	56	14.2703
24	34	5.93743
24	36	2.45436
24	39	0.0015769
24	43	8.45337
24	50	16.111
24	51	15.701
25	33	5.83567
25	35	2.1821
25	37	1.81104
25	38	0.0112912
25	40	5.553
25	42	8.60623
25	44	9.72441
25	49	15.3804
25	52	13.5899
26	34	1.9039
26	36	0.453659
26	39	5.46788
26	43	9.70482
26	51	13.5781
27	34	1.53001
27	36	0.250081
27	41	8.06488
27	43	11.416
27	45	11.6075
27	48	12.8914
27	50	13.5819
28	33	1.59942
28	35	0.218771
28	37	2.31929
28	40	7.8762
28	42	10.6989
28	44	11.4627
28	47	12.6499
28	49	13.5855
28	52	15.5948
28	58	15.4484
29	34	0.284231
29	36	2.29634
29	39	7.83394
29	41	10.3976
29	43	11.4847
29	46	12.4951
29	48	13.6133
29	51	15.5515
29	57	15.7357
30	50	14.8317
30	51	15.0519
31	50	14.9891
31	51	15.028
32	50	14.0835
32	51	12.5553
33	39	7.53362
33	41	9.52389
33	43	11.0406
33	45	11.7444
33	48	11.4012
33	50	12.5127
33	55	11.8794
33	57	9.66737
34	38	6.09487
34	40	9.25262
34	42	9.86633
34	44	11.6927
34	47	11.1715
34	49	11.6124
34	52	15.2376
34	54	11.8453
34	56	9.64138
34	58	12.5686
35	39	9.02772
35	41	9.53158
35	43	11.5428
35	45	11.8509
35	46	11.1129
35	48	11.2281
35	50	15.8266
35	51	15.6617
35	55	9.64163
35	57	12.5124
36	40	9.43296
36	42	10.5359
36	44	11.7554
36	47	11.0447
36	49	13.614
36	52	12.0474
36	54	9.64739
36	56	12.4979
36	58	15.9131
37	41	9.53163
37	43	11.0639
37	46	10.7933
37	48	12.9966
37	51	9.79603
37	55	12.6121
37	57	15.9574
38	50	9.48204
39	47	9.31812
39	49	9.26421
39	52	14.3917
39	56	14.2054
39	58	15.0867
40	46	9.15428
40	48	9.16994
40	50	10.9715
40	51	13.5448
40	55	14.0179
40	57	14.9622
41	47	9.10201
41	49	10.617
41	52	11.7095
41	58	12.3645
42	46	9.0257
42	48	10.0819
42	50	12.7932
42	51	11.685
42	55	12.7652
42	57	12.2942
43	47	10.0003
43	49	11.2302
43	52	13.6826
43	54	12.3533
43	56	12.2727
43	58	15.4511
44	48	9.67208
44	50	12.1633
44	51	12.9777
44	55	12.3021
44	57	15.0851
45	49	9.44243
45	61	10.5636
46	52	11.5797
46	58	11.5759
46	60	10.0365
47	51	11.6277
47	57	11.6671
48	58	9.48995
49	55	11.3041
49	57	9.3992
50	54	11.078
50	56	9.37158
50	59	10.5087
50	60	11.1847
50	61	13.1921
51	58	10.5359
51	59	10.9795
51	60	12.8146
52	57	10.4405
