# Test vectors for RoutingControl ports
# 0 means force 0
# 1 means force 1
# L means expect 0
# H means expect 1
# X means don’t care
########################
## Clock cycle = 10ns ##
########################
#time FIFO_DataOut_list                                                                              SelectedPort   
0     0000000000000000  0000000000000000  0000000000000000  0000000000000000  0000000000000000       111
5     0000000000000000  0000000000000000  0000000000000000  0000000000000000  0000000000000000       111
10    0000000000000000  0000000000000000  0000000000000000  0000000000000000  0000000000000000       111           
15    0000000000000000  0000000000000000  0000000000000000  0000000000000000  0000000000000000       111
# First Port (0) packet is coming => Address=1:1
20    0000000000010001  0000000000000000  0000000000000000  0000000000000000  0000000000010001       111
25    0000000000010001  0000000000000000  0000000000000000  0000000000000000  0000000000010001       000
# Second Port (1) packet is coming => Address=2:2
30    0000000000000000  0000000000100010  0000000000000000  0000000000100010  1111111111111111       111       
35    0000000000000000  0000000000100010  0000000000000000  0000000000100010  0000000000000000       111        
40    0000000000000000  0000000000000000  0000000000000000  0000000000100010  0000000000000000       001         
45    0000000000000000  0000000000000000  0000000000000000  0000000000000001  0000000000000000       111       
50    0000000000000000  0000000000000000  0000000000000000  0000000000000010  0000000000000000       111        
# Third Port (2) packet is coming => Address=3:3
55    0000000000000000  0000000000000000  0000000000110011  0000000000000000  0000000000000000       111         
60    0000000000000000  0000000000000000  0000000000110011  0000000000000000  0000000000000000       010      
65    0000000000000000  0000000000110011  0000000000000000  0000000000000000  0000000000000000       111    
70    0000000000000000  0000000000000001  0000000000000000  0000000000000000  0000000000000000       011         
75    0000000000000000  0000000000000010  0000000000000000  0000000000000000  0000000000000000       011        
80    0000000000000000  0000000000000011  0000000000000000  0000000000000000  0000000000000000       011      
85    0000000000000000  0000000000000100  0000000000000000  0000000000000000  0000000000000000       011       
90    0000000000000000  0000000000000101  0000000000000000  0000000000000000  0000000000000000       011       
95    0000000000000000  0000000000000110  0000000000000000  0000000000000000  0000000000000000       011        
100   0000000000000000  0000000000000111  0000000000000000  0000000000000000  0000000000000000       011        
105   0000000000000000  0000000000001000  0000000000000000  0000000000000000  0000000000000000       011       
110   0000000000000000  1111111111111111  0000000000000000  0000000000000000  0000000000000000       011       
115   0000000000000000  0000000000000000  0000000000000000  0000000000000000  0000000000000000       011       
120   0000000000000000  0000000000000000  0000000000000000  0000000000000000  0000000000000000       011          
125   0000000000000000  0000000000000000  0000000000000000  0000000000000000  0000000000000000       011        
130   0000000000000000  0000000000000000  0000000000000000  0000000000000000  0000000000000000       011       
135   0000000000000000  0000000000000000  0000000000000000  0000000000000000  0000000000000000       011      
140   0000000000000000  0000000000000000  0000000000000000  0000000000000000  0000000000000000       101      
145   0000000000000000  0000000000000000  0000000000000000  0000000000000000  0000000000000000       101     
150   0000000000000000  0000000000000000  0000000000000000  0000000000000000  0000000000000000       101    
155   0000000000000000  0000000000000000  0000000000000000  0000000000000000  0000000000000000       101          
160   0000000000000000  0000000000000000  0000000000000000  0000000000000000  0000000000000000       101           
165   0000000000000000  0000000000000000  0000000000000000  0000000000000000  0000000000000000       101      
170   0000000000000000  0000000000000000  0000000000000000  0000000000000000  0000000000000000       101        
175   0000000000000000  0000000000000000  0000000000000000  0000000000000000  0000000000000000       101                 
180   0000000000000000  0000000000000000  0000000000000000  0000000000000000  0000000000000000       101          
185   0000000000000000  0000000000000000  0000000000000000  0000000000000000  0000000000000000       101        
190   0000000000000000  0000000000000000  0000000000000000  0000000000000000  0000000000000000       101             
195   0000000000000000  0000000000000000  0000000000000000  0000000000000000  0000000000000000       101        
200   0000000000000000  0000000000000000  0000000000000000  0000000000000000  0000000000000000       101          
205   0000000000000000  0000000000000000  0000000000000000  0000000000000000  0000000000000000       101            

210   0000000000000000  0000000000000000  0000000000000000  0000000000000000  0000000000000000       101         
